[20  0  0  0]
0.14
[8 8 3 1]
0.88
[7 5 8 0]
0.74
[19  0  0  1]
0.3
[ 0 20  0  0]
0.12
[19  1  0  0]
0.24
[ 0 20  0  0]
0.12
[ 5 10  2  3]
0.8
[1 6 9 4]
0.92
[ 4  2  2 12]
0.66
[17  2  1  0]
0.38
[15  5  0  0]
0.44
[9 9 0 2]
0.78
[ 7 11  0  2]
0.66
[7 3 3 7]
0.88
[13  3  1  3]
0.7
[ 2  4  3 11]
0.84
[5 8 6 1]
0.78
[ 8 10  0  2]
0.72
[10  4  1  5]
0.82
[0 6 8 6]
0.98
[8 0 7 5]
0.9
[9 2 0 9]
0.76
[12  2  2  4]
0.84
[17  0  2  1]
0.54
[5 6 4 5]
0.92
[9 3 3 5]
0.88
[8 5 5 2]
0.88
[10  0  4  6]
0.96
[10  8  2  0]
0.78
[ 3 11  6  0]
0.88
[8 6 3 3]
0.88
[7 3 9 1]
0.7
[6 8 2 4]
0.84
[ 0 15  2  3]
0.72
[ 3 10  2  5]
0.82
[7 5 1 7]
0.88
[ 6 12  1  1]
0.64
[ 8 10  1  1]
0.74
[7 8 1 4]
0.78
[15  2  0  3]
0.6
[10  6  2  2]
0.8
[11  3  6  0]
0.86
[ 6 10  3  1]
0.82
[18  1  1  0]
0.4
[15  2  0  3]
0.6
[18  2  0  0]
0.3
[ 5  3  0 12]
0.48
[7 5 2 6]
0.84
[18  1  0  1]
0.34
