Part A
[6 6 5 3]
[6 6 5 3]
[6 6 5 3]
[6 6 5 3]
[6 6 5 3]
[7 6 3 4]
[6 6 3 5]
[6 6 3 5]
[6 6 3 5]
[6 6 3 5]
[6 3 6 5]
[8 4 3 5]
[8 4 3 5]
[6 5 6 3]
[8 4 3 5]
[8 4 3 5]
[8 4 3 5]
[8 4 3 5]
[8 4 3 5]
[7 6 4 3]
[7 6 4 3]
[3 6 6 5]
[3 6 6 5]
[5 6 6 3]
[5 6 6 3]
[3 6 6 5]
[6 6 5 3]
[3 6 6 5]
[3 6 6 5]
[3 6 6 5]
[3 6 6 5]
[3 6 6 5]
[6 6 5 3]
[6 6 5 3]
[5 6 6 3]
[3 6 6 5]
[3 6 6 5]
[5 6 6 3]
[3 6 6 5]
[3 6 6 5]
[3 6 6 5]
[3 6 6 5]
[3 6 6 5]
[5 6 6 3]
[5 6 6 3]
[4 6 1 9]
[5 3 6 6]
[4 9 1 6]
[5 6 6 3]
[5 6 6 3]
[5 6 6 3]
[5 6 6 3]
[6 6 3 5]
[6 6 3 5]
[5 6 6 3]
[5 6 6 3]
[5 6 6 3]
[4 1 6 9]
[4 1 6 9]
[4 1 6 9]
[4 1 6 9]
[4 1 6 9]
[1 6 9 4]
[1 6 9 4]
[1 6 9 4]
[1 6 9 4]
[1 6 9 4]
[1 6 9 4]
[1 6 9 4]
[1 6 9 4]
[1 6 9 4]
[1 6 9 4]
[1 6 9 4]
[1 6 9 4]
[1 6 9 4]
[1 6 9 4]
[6 6 3 5]
[6 6 3 5]
[6 6 3 5]
[6 6 3 5]
[6 6 3 5]
[6 6 3 5]
[6 6 3 5]
[6 6 3 5]
[6 6 3 5]
[6 6 3 5]
[6 6 3 5]
[6 6 3 5]
[6 6 3 5]
[6 6 3 5]
[6 6 3 5]
[6 6 3 5]
[6 6 3 5]
[6 6 3 5]
[6 6 3 5]
[6 6 3 5]
[6 6 3 5]
[6 6 3 5]
[6 6 3 5]
[6 6 3 5]
[6 6 3 5]
Part B
[6 6 5 3]
[6 6 5 3]
[6 6 5 3]
[6 6 5 3]
[6 6 5 3]
[4 5 5 6]
[7 6 3 4]
[7 6 3 4]
[1 6 9 4]
[1 6 8 5]
[8 7 1 4]
[8 7 1 4]
[8 7 1 4]
[8 7 1 4]
[8 7 1 4]
[6 6 5 3]
[6 6 1 7]
[3 5 5 7]
[3 5 5 7]
[3 5 5 7]
[3 5 5 7]
[5 5 7 3]
[5 5 7 3]
[5 5 7 3]
[5 5 7 3]
[3 5 5 7]
[ 1 10  2  7]
[ 1 10  2  7]
[ 0 10  3  7]
[ 0 10  3  7]
[3 5 5 7]
[3 5 5 7]
[3 5 5 7]
[3 5 5 7]
[3 5 5 7]
[3 5 5 7]
[3 6 4 7]
[3 6 4 7]
[3 6 4 7]
[3 6 4 7]
[4 6 2 8]
[4 6 2 8]
[4 6 2 8]
[3 6 4 7]
[3 6 4 7]
[3 6 4 7]
[3 6 4 7]
[ 4  1  5 10]
[ 4  1  5 10]
[4 5 8 3]
[9 7 0 4]
[9 7 0 4]
[9 7 0 4]
[9 7 0 4]
[8 6 1 5]
[10  2  5  3]
[10  2  5  3]
[10  2  5  3]
[10  2  5  3]
[10  2  5  3]
[8 6 2 4]
[8 6 2 4]
[9 0 5 6]
[11  3  5  1]
[11  3  5  1]
[11  3  5  1]
[11  3  5  1]
[11  3  5  1]
[0 7 7 6]
[0 7 7 6]
[11  1  3  5]
[11  1  3  5]
[11  1  3  5]
[11  1  3  5]
[11  1  3  5]
[11  1  3  5]
[11  1  3  5]
[11  1  3  5]
[11  1  3  5]
[11  1  3  5]
[11  1  3  5]
[1 7 4 8]
[1 7 4 8]
[1 7 4 8]
[1 7 4 8]
[7 2 5 6]
[7 2 5 6]
[1 7 4 8]
[1 7 4 8]
[1 7 4 8]
[8 3 2 7]
[11  4  3  2]
[7 6 7 0]
[7 6 3 4]
[ 2  3  5 10]
[ 2  3  5 10]
[2 9 3 6]
[ 1  4  3 12]
[2 9 3 6]
[2 9 3 6]
[2 9 3 6]
Part C
[6 6 5 3]
[6 6 5 3]
[6 6 5 3]
[6 6 5 3]
[6 6 5 3]
[6 6 5 3]
[6 6 5 3]
[6 6 5 3]
[6 6 5 3]
[6 6 5 3]
[6 6 5 3]
[6 6 5 3]
[6 6 5 3]
[13  1  3  3]
[13  1  3  3]
[13  1  3  3]
[13  1  3  3]
[13  1  3  3]
[13  1  3  3]
[13  1  3  3]
[13  1  3  3]
[13  1  3  3]
[13  1  3  3]
[13  1  3  3]
[13  1  3  3]
[13  1  3  3]
[13  1  3  3]
[13  1  3  3]
[13  1  3  3]
[13  1  3  3]
[13  1  3  3]
[13  1  3  3]
[13  1  3  3]
[13  1  3  3]
[13  1  3  3]
[13  1  3  3]
[13  1  3  3]
[13  1  3  3]
[13  1  3  3]
[13  1  3  3]
[13  1  3  3]
[13  1  3  3]
[13  1  3  3]
[13  1  3  3]
[13  1  3  3]
[13  1  3  3]
[13  1  3  3]
[13  1  3  3]
[13  1  3  3]
[1 4 9 6]
[1 4 9 6]
[1 4 9 6]
[1 4 9 6]
[1 4 9 6]
[1 4 9 6]
[1 4 9 6]
[1 4 9 6]
[1 4 9 6]
[1 4 9 6]
[1 4 9 6]
[1 4 9 6]
[1 4 9 6]
[1 4 9 6]
[1 4 9 6]
[1 4 9 6]
[1 4 9 6]
[1 4 9 6]
[1 4 9 6]
[1 4 9 6]
[1 4 9 6]
[1 4 9 6]
[1 4 9 6]
[1 4 9 6]
[1 4 9 6]
[1 4 9 6]
[1 4 9 6]
[1 4 9 6]
[1 4 9 6]
[1 4 9 6]
[1 4 9 6]
[1 4 9 6]
[1 4 9 6]
[1 4 9 6]
[1 4 9 6]
[1 4 9 6]
[1 4 9 6]
[1 4 9 6]
[1 4 9 6]
[1 4 9 6]
[1 4 9 6]
[1 4 9 6]
[1 4 9 6]
[1 4 9 6]
[1 4 9 6]
[1 4 9 6]
[1 4 9 6]
[1 4 9 6]
[1 4 9 6]
[1 4 9 6]
[1 4 9 6]
[1 4 9 6]
Part D
[19  1  0  0]
[19  1  0  0]
[19  1  0  0]
[19  1  0  0]
[19  1  0  0]
[19  1  0  0]
[19  1  0  0]
[19  1  0  0]
[ 9 10  1  0]
[17  3  0  0]
[17  3  0  0]
[17  3  0  0]
[19  1  0  0]
[19  1  0  0]
[19  1  0  0]
[19  1  0  0]
[19  1  0  0]
[19  1  0  0]
[15  3  2  0]
[15  3  2  0]
[15  3  2  0]
[15  3  2  0]
[19  0  1  0]
[19  0  1  0]
[19  1  0  0]
[19  1  0  0]
[19  1  0  0]
[18  2  0  0]
[18  2  0  0]
[18  2  0  0]
[18  2  0  0]
[18  2  0  0]
[19  1  0  0]
[19  1  0  0]
[19  1  0  0]
[19  1  0  0]
[18  2  0  0]
[18  2  0  0]
[18  2  0  0]
[19  1  0  0]
[ 3 15  2  0]
[ 3 15  2  0]
[15  3  2  0]
[15  3  2  0]
[15  3  2  0]
[15  3  2  0]
[15  3  2  0]
[15  3  2  0]
[15  3  2  0]
[15  3  2  0]
[15  3  2  0]
[15  3  2  0]
[15  3  2  0]
[15  3  2  0]
[15  3  2  0]
[15  3  2  0]
[15  3  2  0]
[15  3  2  0]
[15  3  2  0]
[15  3  2  0]
[15  3  2  0]
[19  1  0  0]
[19  1  0  0]
[19  1  0  0]
[19  1  0  0]
[19  1  0  0]
[19  1  0  0]
[19  1  0  0]
[19  1  0  0]
[19  1  0  0]
[19  1  0  0]
[19  1  0  0]
[19  1  0  0]
[19  1  0  0]
[19  1  0  0]
[19  1  0  0]
[19  1  0  0]
[19  1  0  0]
[19  1  0  0]
[19  1  0  0]
[19  1  0  0]
[19  1  0  0]
[19  1  0  0]
[15  3  2  0]
[15  3  2  0]
[15  3  2  0]
[ 3 15  2  0]
[ 3 15  2  0]
[ 3 15  2  0]
[ 3 15  2  0]
[ 3 15  2  0]
[ 3 15  2  0]
[ 3 15  2  0]
[ 3 15  2  0]
[ 3 15  2  0]
[15  3  2  0]
[15  3  2  0]
[15  3  2  0]
[15  3  2  0]
[15  3  2  0]
[ 3 15  2  0]
