Part A
[4 7 5 4]
[4 7 5 4]
[4 7 5 4]
[3 6 7 4]
[4 6 7 3]
[3 6 7 4]
[3 6 7 4]
[3 6 7 4]
[3 6 7 4]
[3 6 7 4]
[3 6 7 4]
[3 6 7 4]
[3 6 7 4]
[3 6 7 4]
[3 6 7 4]
[2 6 6 6]
[3 6 7 4]
[6 6 2 6]
[3 6 7 4]
[3 6 7 4]
[3 6 7 4]
[2 6 6 6]
[2 6 6 6]
[2 6 6 6]
[4 7 5 4]
[4 7 5 4]
[4 6 7 3]
[4 6 7 3]
[4 6 7 3]
[4 6 7 3]
[8 5 5 2]
[6 6 6 2]
[6 6 6 2]
[4 7 5 4]
[4 7 5 4]
[4 7 5 4]
[4 7 5 4]
[4 7 5 4]
[6 6 6 2]
[5 8 5 2]
[5 8 5 2]
[5 8 5 2]
[5 8 5 2]
[5 8 5 2]
[5 8 5 2]
[8 5 5 2]
[8 5 5 2]
[8 5 5 2]
[8 5 5 2]
[3 6 4 7]
[3 6 4 7]
[3 6 4 7]
[3 6 4 7]
[3 6 4 7]
[3 6 4 7]
[3 6 4 7]
[3 6 4 7]
[3 6 4 7]
[3 6 4 7]
[3 6 4 7]
[3 6 4 7]
[4 7 3 6]
[3 7 4 6]
[3 7 4 6]
[3 4 7 6]
[3 4 7 6]
[3 4 7 6]
[3 4 7 6]
[3 4 7 6]
[7 4 6 3]
[7 4 6 3]
[7 4 6 3]
[4 4 5 7]
[4 4 5 7]
[3 6 4 7]
[3 6 4 7]
[4 6 3 7]
[4 6 3 7]
[4 6 3 7]
[4 6 3 7]
[4 6 3 7]
[4 6 3 7]
[4 6 3 7]
[4 6 3 7]
[4 6 3 7]
[4 6 3 7]
[4 6 3 7]
[4 6 3 7]
[4 6 3 7]
[4 6 3 7]
[6 4 3 7]
[6 4 3 7]
[6 4 3 7]
[6 4 3 7]
[6 4 3 7]
[6 4 3 7]
[6 4 3 7]
[6 6 6 2]
[6 6 6 2]
[6 6 6 2]
[6 6 6 2]
Part B
[4 7 5 4]
[4 7 5 4]
[4 7 5 4]
[4 7 5 4]
[4 7 5 4]
[4 7 5 4]
[3 6 7 4]
[3 6 7 4]
[3 6 7 4]
[3 6 7 4]
[3 6 7 4]
[3 6 7 4]
[3 6 7 4]
[3 6 7 4]
[ 1  3  6 10]
[3 6 7 4]
[3 6 7 4]
[3 9 4 4]
[3 6 7 4]
[3 6 7 4]
[ 3  3  4 10]
[ 3  3  4 10]
[ 3  3  4 10]
[ 3  3  4 10]
[ 2 11  4  3]
[4 6 6 4]
[4 6 6 4]
[4 6 6 4]
[4 6 6 4]
[4 6 6 4]
[5 2 6 7]
[5 2 6 7]
[4 6 6 4]
[4 6 6 4]
[4 6 6 4]
[4 2 7 7]
[ 3  3  4 10]
[4 4 5 7]
[4 4 5 7]
[4 4 5 7]
[4 4 5 7]
[4 4 5 7]
[4 4 5 7]
[4 4 5 7]
[ 2  8  0 10]
[ 2  8  0 10]
[ 2  8  0 10]
[ 2  8  0 10]
[ 2  8  0 10]
[8 1 4 7]
[8 1 4 7]
[8 1 4 7]
[8 1 4 7]
[5 9 4 2]
[5 4 6 5]
[5 9 4 2]
[ 5  1  2 12]
[5 9 4 2]
[5 4 6 5]
[5 4 6 5]
[5 4 6 5]
[5 4 6 5]
[5 4 6 5]
[5 9 4 2]
[5 9 4 2]
[5 9 4 2]
[5 9 4 2]
[8 2 6 4]
[8 2 6 4]
[10  2  6  2]
[10  2  6  2]
[10  2  6  2]
[8 1 8 3]
[9 4 3 4]
[1 7 9 3]
[1 7 9 3]
[1 7 9 3]
[1 7 9 3]
[1 7 9 3]
[1 7 9 3]
[1 7 9 3]
[1 7 9 3]
[0 4 8 8]
[1 7 9 3]
[0 4 8 8]
[0 4 8 8]
[0 4 8 8]
[5 5 4 6]
[5 5 4 6]
[2 5 4 9]
[2 5 4 9]
[2 5 4 9]
[2 5 4 9]
[2 5 4 9]
[ 1  6 11  2]
[ 1  6 11  2]
[ 1  6 11  2]
[ 4 11  3  2]
[ 4 11  3  2]
[ 2  6 11  1]
[ 4 11  3  2]
Part C
[4 7 5 4]
[4 7 5 4]
[4 7 5 4]
[4 7 5 4]
[4 7 5 4]
[4 7 5 4]
[4 7 5 4]
[4 7 5 4]
[4 7 5 4]
[4 7 5 4]
[4 7 5 4]
[4 7 5 4]
[4 7 5 4]
[4 7 5 4]
[4 7 5 4]
[4 7 5 4]
[4 7 5 4]
[4 7 5 4]
[4 7 5 4]
[4 7 5 4]
[4 7 5 4]
[4 7 5 4]
[4 7 5 4]
[4 7 5 4]
[4 7 5 4]
[4 7 5 4]
[4 7 5 4]
[4 7 5 4]
[4 7 5 4]
[4 7 5 4]
[4 7 5 4]
[4 7 5 4]
[4 7 5 4]
[4 7 5 4]
[4 7 5 4]
[4 7 5 4]
[4 7 5 4]
[4 7 5 4]
[4 7 5 4]
[4 7 5 4]
[4 7 5 4]
[4 7 5 4]
[4 7 5 4]
[4 7 5 4]
[4 7 5 4]
[4 7 5 4]
[4 7 5 4]
[4 7 5 4]
[4 7 5 4]
[4 7 5 4]
[4 7 5 4]
[4 7 5 4]
[4 7 5 4]
[4 7 5 4]
[4 7 5 4]
[4 7 5 4]
[4 7 5 4]
[4 7 5 4]
[4 7 5 4]
[4 7 5 4]
[4 7 5 4]
[4 7 5 4]
[4 7 5 4]
[4 7 5 4]
[4 7 5 4]
[4 7 5 4]
[4 7 5 4]
[4 7 5 4]
[4 7 5 4]
[4 7 5 4]
[4 7 5 4]
[4 7 5 4]
[4 7 5 4]
[4 7 5 4]
[4 7 5 4]
[4 7 5 4]
[4 7 5 4]
[4 7 5 4]
[4 7 5 4]
[4 7 5 4]
[4 7 5 4]
[4 7 5 4]
[4 7 5 4]
[4 7 5 4]
[4 7 5 4]
[4 7 5 4]
[4 7 5 4]
[4 7 5 4]
[4 7 5 4]
[4 7 5 4]
[4 7 5 4]
[4 7 5 4]
[4 7 5 4]
[4 7 5 4]
[4 7 5 4]
[4 7 5 4]
[4 7 5 4]
[4 7 5 4]
[4 7 5 4]
[4 7 5 4]
[4 7 5 4]
Part D
[19  1  0  0]
[19  1  0  0]
[17  3  0  0]
[17  3  0  0]
[17  3  0  0]
[17  3  0  0]
[17  3  0  0]
[17  3  0  0]
[17  3  0  0]
[17  3  0  0]
[12  5  3  0]
[ 4 13  3  0]
[ 4 13  3  0]
[ 4 13  3  0]
[12  5  3  0]
[12  5  3  0]
[12  5  3  0]
[12  5  3  0]
[12  5  3  0]
[12  5  3  0]
[12  5  3  0]
[12  5  3  0]
[12  5  3  0]
[12  5  3  0]
[ 5 12  3  0]
[ 5 12  3  0]
[ 5 12  3  0]
[ 5 12  3  0]
[ 5 12  3  0]
[ 5 12  3  0]
[ 5 12  3  0]
[ 5 12  3  0]
[ 5 12  3  0]
[ 5 12  3  0]
[ 5 12  3  0]
[ 5 12  3  0]
[18  2  0  0]
[18  2  0  0]
[18  2  0  0]
[18  2  0  0]
[18  2  0  0]
[18  2  0  0]
[18  2  0  0]
[18  2  0  0]
[18  2  0  0]
[18  2  0  0]
[18  2  0  0]
[18  2  0  0]
[18  2  0  0]
[18  2  0  0]
[18  2  0  0]
[18  2  0  0]
[18  2  0  0]
[18  2  0  0]
[18  2  0  0]
[18  2  0  0]
[18  2  0  0]
[12  5  3  0]
[12  5  3  0]
[12  5  3  0]
[12  5  3  0]
[12  5  3  0]
[12  5  3  0]
[12  5  3  0]
[12  5  3  0]
[12  5  3  0]
[12  5  3  0]
[12  5  3  0]
[12  5  3  0]
[12  5  3  0]
[12  5  3  0]
[12  5  3  0]
[12  5  3  0]
[12  5  3  0]
[12  5  3  0]
[12  5  3  0]
[12  5  3  0]
[12  5  3  0]
[12  5  3  0]
[12  5  3  0]
[12  5  3  0]
[12  5  3  0]
[12  5  3  0]
[12  5  3  0]
[12  5  3  0]
[12  5  3  0]
[12  5  3  0]
[12  5  3  0]
[12  3  5  0]
[12  3  5  0]
[10  6  4  0]
[10  6  4  0]
[10  6  4  0]
[12  5  3  0]
[12  5  3  0]
[12  5  3  0]
[12  5  3  0]
[12  5  3  0]
[12  5  3  0]
[12  5  3  0]
[12  5  3  0]
